741
821
619
545
618
1003
578
1017
749
634
797
642
974
869
684
621
1078
1006
1008
1186
973
1030
502
638
563
1081
767
688
1108
1061
944
1164
643
778
926
866
1006
1132
1067
755
738
973
963
1088
994
1148
720
959
1087
946
526
656
741
788
970
910
818
1181
1181
736
735
1089
1109
888
890
833
1198
696
1142
1017
815
1146
1138
752
947
500
566
613
843
615
861
1007
801
661
1034
787
923
1054
1007
515
547
1025
1150
831
519
848
1064
574
698
661
1149
524
1017
569
631
580
718
1189
1040
970
844
704
837
1066
1074
927
788
947
1053
602
1110
643
888
1126
970
989
1195
806
732
598
635
1191
1115
682
665
836
1190
731
530
954
569
934
514
537
871
1043
688
583
956
791
560
617
720
596
751
1006
835
1090
799
841
584
1111
956
941
834
852
789
654
901
737
937
556
916
599
532
675
629
851
754
1126
801
1111
1049
1140
538
518
971
1019
1131
859
501
599
1132
888
869
658
1177
772
902
519
753
533
882
718
1054
503
900
621
563
575
876
1183
836
872
540
673
561
1015
903
815
1081
970
723
542
736
837
624
527
930
1074
698
1057
1148
734
873
768
729
831
586
535
818
849
955
1055
1182
518
963
759
848
696
596
662
1068
587
638
983
1009
840
1182
716
1078
872
890
689
1077
1019
534
601
1199
972
1143
930
928
868
1197
731
514
868
559
717
1074
1064
879
734
977
536
1188
1061
596
1089
958
1089
848
1070
656
1145
1159
765
1178
663
1183
861
760
1076
752
866
933
700
589
1107
968
641
780
964
841
514
1193
656
911
1041
1030
672
504
609
513
554
582
1058
712
552
771
949
889
1095
733
712
803
1002
1181
611
802
988
972
689
620
817
808
1083
728
641
1151
1003
1053
637
832
1011
856
650
1063
698
783
1074
1188
537
835
519
951
885
730
628
910
690
674
800
738
542
900
1015
1188
895
945
698
830
570
600
968
1095
752
762
922
1055
653
1139
983
1027
928
999
934
1053
601
1066
1123
852
599
931
960
828
753
1098
790
610
1041
661
667
952
585
744
1117
1136
1067
623
699
622
1007
772
757
751
891
972
1010
742
1166
1162
1087
1029
1022
1045
730
839
839
640
842
853
1172
812
514
1191
972
531
942
683
1082
997
1186
1177
866
1000
1045
1026
674
709
1137
980
588
547
644
1078
774
837
1129
739
513
778
797
927
981
1045
649
695
758
765
979
860
530
826
860
668
1176
1109
662
522
500
903
665
630
702
1061
764
1125
668
636
917
634
601
702
669
803
700
759
695
1021
850
849
768
1108
930
776
949
961
886
1175
1102
864
674
1107
739
809
613
666
724
1119
780
724
526
622
1048
844
758
1028
657
556
1167
917
914
841
871
850
635
756
899
1125
612
1003
738
692
733
552
1159
694
1162
1059
690
533
534
775
740
626
823
646
560
585
518
1120
804
829
507
685
1150
1033
735
1089
674
1056
967
798
1007
977
1186
1034
1088
995
885
564
1066
797
1066
1134
882
638
601
745
527
1188
696
814
1107
691
698
1108
684
548
602
626
1158
573
885
834
766
936
968
962
639
989
757
764
899
1154
554
507
963
573
1002
1012
931
1190
1061
685
859
652
891
816
778
577
849
1040
892
759
605
992
1112
731
868
1146
870
838
605
738
931
1132
1114
1153
636
691
644
611
745
790
894
1167
711
699
1175
613
544
651
684
562
639
917
1072
640
1048
762
595
731
905
1056
641
593
1085
823
954
927
737
937
680
587
1132
737
794
601
1064
638
780
912
756
754
1101
718
654
542
598
513
560
974
605
1074
595
1112
906
889
648
801
581
1088
944
748
1076
807
1171
596
629
1102
623
970
775
909
1181
882
1175
651
1154
1123
1138
1042
725
941
866
963
832
806
1191
519
1031
1104
1153
763
556
892
1168
508
877
794
747
558
1113
695
1089
789
698
895
1092
913
1137
754
935
725
862
738
862
503
1081
612
1174
865
604
609
570
719
1017
512
852
788
914
1166
973
859
875
1080
1129
529
1051
577
765
1136
913
778
582
776
669
927
1100
1018
530
1165
627
765
819
1082
1153
1004
625
870
972
685
542
803
1199
1171
981
575
1049
982
809
832
651
1004
1047
537
1151
1026
527
993
550
589
611
1034
758
949
1039
708
540
993
1127
625
1104
681
804
579
1093
609
778
611
994
593
1078
618
708
897
1013
823
917
781
1130
626
977
831
820
883
573
708
544
750
631
773
535
555
1054
684
928
1170
699
967
643
1041
748
1115
1198
1156
711
1193
826
1061
1135
716
990
958
1063
1000
847
772
1060
1121
505
885
564
528
1179
721
558
1022
763
524
1168
1043
623
1150
638
588
1078
1061
832
863
671
580
1082
683
814
1115
983
777
692
554
1036
656
609
778
961
958
977
719
1136
977
1098
889
929
801
1093
591
592
1039
820
974
1121
986
1139
696
949
1125
1003
1081
913
564
937
981
829
709
687
1012
934
1044
688
879
811
858
1124
1055
965
982
850
780
790
723
1022
1143
1156
918
632
549
716
