707
1108
826
904
593
1148
541
1006
1095
828
833
928
707
776
974
1120
1038
1143
787
715
657
741
583
969
1119
1094
753
605
837
1060
1112
770
866
961
1091
631
679
537
736
724
733
1150
1081
749
672
549
823
950
920
961
738
678
764
986
1165
1166
1024
1057
984
698
894
1135
668
535
915
563
561
945
885
842
940
1000
907
562
1182
706
860
1034
796
1069
771
1003
885
1076
821
934
506
1079
996
1125
806
822
752
537
1030
797
982
1045
1034
609
1188
1078
565
577
521
937
971
701
1004
958
806
1190
760
1114
1127
1091
750
792
914
1181
556
681
1149
960
535
618
748
869
731
884
924
1014
500
687
1081
892
937
807
1054
1083
1162
1004
575
537
818
816
561
837
610
1138
547
690
631
1052
552
1006
1128
805
541
1102
689
601
1170
620
534
991
1189
573
533
734
653
1142
937
1030
518
752
606
1111
641
918
557
1110
759
792
836
733
882
647
634
575
964
632
766
1152
894
1061
1034
1154
502
1027
827
1187
804
1075
985
604
952
801
1034
1000
899
517
664
822
1044
779
1042
877
983
1000
609
1042
1138
1158
970
520
876
984
635
657
917
651
1108
814
591
569
805
883
1007
732
980
581
813
834
875
946
1168
1143
607
615
518
657
671
702
918
984
549
846
605
964
928
1168
665
876
582
747
608
1049
730
975
1173
658
1069
751
520
527
728
803
782
523
552
932
876
520
638
760
1180
906
1096
807
520
1159
778
542
1004
1012
1115
1137
752
627
838
618
912
832
642
1059
787
1119
681
890
756
945
563
581
912
1195
791
645
737
1021
767
901
1153
1123
955
514
1079
1026
947
707
611
791
551
655
885
1133
519
544
1078
778
1173
560
724
705
551
774
1095
697
830
1008
720
970
899
931
1060
1137
664
989
1077
627
1180
960
672
1174
779
1164
894
1108
896
979
1175
747
767
1158
1048
706
676
948
1072
680
618
882
696
1138
1187
840
1092
819
794
947
968
730
667
950
798
712
1087
750
1126
586
1080
1186
1001
1051
1032
1173
703
940
1083
854
960
916
1116
896
509
797
764
734
1187
1138
572
574
814
1148
510
945
580
1017
859
835
818
1125
1021
986
800
632
1081
844
606
513
637
651
936
1140
1187
551
813
970
940
501
1147
853
763
1188
514
1006
872
1052
1040
587
1092
886
581
747
535
1034
1094
630
595
1076
916
1119
627
1173
1000
1121
837
873
1160
1159
631
809
576
858
888
1164
862
1033
971
994
959
528
1004
519
621
951
569
689
1104
652
656
682
875
1064
785
527
726
790
688
592
668
1198
1091
1080
1155
783
809
923
1059
571
672
561
858
801
616
887
615
608
1051
548
1051
647
969
1008
1002
1149
1134
712
573
860
938
571
845
879
825
961
636
1123
564
1037
641
846
830
1032
1180
595
1023
573
947
1097
1112
617
938
639
741
521
729
583
578
505
848
597
849
698
833
601
915
1179
1176
855
750
691
544
514
1106
704
1017
1136
1028
906
625
1060
964
675
947
820
832
705
638
804
731
553
1045
558
689
544
1196
631
699
1078
879
1044
597
591
847
920
573
924
732
536
703
793
755
871
1080
987
833
674
950
513
968
710
1041
871
624
697
846
1186
1025
1062
707
885
937
1149
527
781
963
872
1028
526
747
1108
1173
601
600
1138
997
673
677
901
911
1022
880
686
610
669
502
925
1167
650
574
586
1099
870
1028
1018
1056
806
844
799
524
1160
845
923
965
1060
737
939
771
686
899
673
1008
623
651
885
504
751
1038
1057
778
537
905
878
1152
660
508
802
773
782
581
691
1029
1078
876
950
676
1157
920
750
1132
762
654
981
950
1101
778
975
718
643
1014
805
968
986
520
1186
754
1167
971
805
1051
1134
666
1189
604
708
843
1130
946
900
708
547
1030
787
1125
515
1083
1124
1127
551
1082
732
583
630
968
976
923
543
1057
890
696
708
685
614
899
1198
596
665
876
742
757
847
528
1018
1134
966
974
680
1060
505
602
829
540
920
923
818
1050
536
720
827
984
800
573
556
703
1199
1061
916
1088
1127
1119
918
747
884
993
734
703
765
695
501
502
742
682
1051
787
1066
668
965
891
580
647
560
1144
549
957
1157
774
1172
814
1135
1105
557
791
1133
586
884
582
855
1126
688
614
785
1041
719
824
742
618
721
968
837
1030
596
524
1008
979
1058
973
698
1126
1036
1159
731
1150
760
596
1144
1150
749
965
1103
984
1012
1038
703
1165
1062
718
924
924
715
1039
553
704
1177
604
1009
533
983
653
727
1110
1083
928
590
728
1083
834
780
623
879
791
1068
955
1065
1052
517
757
1020
1042
1116
840
549
973
911
1197
1106
527
1173
655
787
1111
667
595
737
1192
1100
584
948
1174
582
728
1137
801
545
1124
1170
797
838
624
586
751
712
1141
736
1087
1061
610
517
593
822
1056
861
625
1036
968
624
973
717
1072
1152
1133
1008
1046
960
888
902
947
928
987
526
808
888
1048
569
535
898
726
1058
850
630
990
566
855
852
726
1067
1012
965
776
1000
